7  2
31  2
17  3
43  3
53  3
13  4
29  4
149  4
73  5
3  6
3  7
5  7
3  8
5  8
17  8
43  9
89  9
3  9
13  10
19  10
3  11
3  12
7  13
17  13
13  16
71  16
61  17
7  17
11  18
29  18
89  18
3  20
7  20
3  21
7  22
23  22
53  22
3  24
3  24
23  24
3  25
13  26
7  26
163  26
3  27
5  27
7  27
7  28
7  28
5  28
7  29
7  30
53  30
109  30
17  30
97  32
53  32
3  33
5  33
19  33
47  34
151  34
3  34
181  35
7  35
3  35
19  36
5  37
107  37
5  38
23  39
59  39
3  39
23  40
3  40
29  40
3  41
7  41
13  42
19  42
5  43
7  44
167  44
11  45
127  45
137  45
139  46
3  46
157  46
3  47
5  47
13  47
59  49
61  49
11  50
13  51
3  51
7  52
23  53
31  53
127  54
3  55
7  56
3  57
3  57
11  58
17  58
11  60
5  60
29  61
17  61
5  63
3  63
5  64
7  64
3  66
17  66
3  66
3  68
3  69
7  70
31  70
41  71
3  71
107  72
5  72
3  73
37  73
71  73
3  74
41  74
3  75
5  75
23  76
73  76
3  76
11  77
29  77
103  77
31  78
11  78
31  79
71  79
179  79
3  80
7  80
11  80
3  81
11  81
3  81
17  82
101  82
19  83
5  84
17  84
3  84
3  85
17  86
5  86
13  86
17  87
37  87
71  87
7  87
43  88
173  88
19  88
37  88
19  89
3  90
7  91
53  91
3  91
3  91
3  92
3  92
13  92
59  93
11  93
5  93
13  94
107  94
157  94
3  94
89  95
103  95
149  95
17  95
43  96
67  96
5  97
31  97
5  97
131  98
3  99
3  99
5  100
53  100
3  100
11  101
31  101
137  101
181  101
3  102
43  102
11  103
29  104
73  104
3  105
13  105
5  106
7  106
29  106
137  106
3  106
5  107
139  107
43  107
3  108
5  108
5  108
13  108
3  109
23  109
3  110
43  110
5  110
3  111
7  111
19  111
3  112
47  112
7  113
59  113
13  114
19  114
113  115
37  115
137  115
3  115
71  116
131  116
5  116
3  116
11  117
13  117
3  117
11  117
13  117
19  118
3  119
41  120
89  120
3  121
11  121
7  121
13  122
3  122
23  122
5  123
79  123
5  124
7  124
3  125
101  125
5  125
47  126
7  126
47  126
59  127
73  127
137  127
5  131
5  131
83  131
3  131
19  132
127  132
3  132
29  133
83  133
47  133
3  134
3  135
7  135
19  135
41  135
19  136
3  136
41  136
5  137
89  137
11  137
101  137
151  138
157  138
5  138
47  138
7  139
11  139
3  140
7  140
3  140
29  141
3  141
5  141
23  142
17  142
31  142
67  142
7  143
11  143
67  143
3  143
5  144
13  144
31  144
5  144
23  145
5  145
5  147
3  148
11  148
107  148
7  149
37  149
3  149
5  149
5  150
7  150
97  151
3  151
41  151
29  152
3  152
73  153
139  153
31  153
53  154
37  154
107  154
3  155
41  155
3  156
17  156
3  157
29  157
13  158
89  158
3  158
43  158
3  159
7  159
7  159
29  160
3  160
5  160
23  161
3  161
167  161
3  162
31  162
11  162
61  163
3  163
5  163
83  164
3  164
5  164
3  165
23  165
109  165
3  165
3  166
5  166
37  167
5  167
3  168
71  168
5  168
59  169
3  169
11  169
7  170
19  170
3  170
5  171
89  171
3  172
7  172
3  173
5  173
53  173
3  174
47  174
107  174
29  175
61  175
19  175
17  176
13  176
17  176
11  177
7  177
3  177
3  179
11  179
31  179
23  181
5  181
13  181
97  181
3  181
3  182
7  182
7  183
5  183
3  184
5  184
23  184
3  185
7  185
11  186
17  186
53  186
3  187
5  187
19  187
3  188
151  188
5  188
7  188
13  189
43  189
3  189
5  190
7  190
3  190
3  192
137  192
17  193
3  193
3  194
19  194
59  194
7  195
5  196
7  196
19  196
47  196
5  197
43  197
79  197
5  198
11  198
23  198
3  199
7  199
13  199
13  199
67  200
5  200
17  200
61  200
109  201
29  201
181  202
3  202
7  202
173  202
5  203
107  203
13  204
5  204
7  205
11  205
17  206
61  206
31  206
3  207
13  207
23  207
29  207
53  208
5  208
3  208
5  209
3  209
3  210
47  210
179  210
3  211
73  211
29  212
5  212
3  212
3  212
11  213
3  213
43  214
3  214
59  214
5  214
3  215
5  216
11  217
3  217
7  218
23  218
3  218
7  218
17  218
5  219
3  219
11  219
3  221
3  222
7  222
67  222
7  222
13  223
5  223
13  223
3  224
13  224
3  225
5  225
11  225
3  226
107  226
5  226
17  226
29  227
3  227
3  228
5  228
7  228
23  228
3  229
7  229
3  229
13  230
3  230
29  230
113  230
103  231
3  231
61  231
5  231
3  232
5  233
23  233
67  233
3  233
13  234
19  234
79  234
3  235
5  235
3  236
7  236
3  236
5  236
19  237
5  237
89  237
3  237
79  238
17  238
7  239
37  239
5  239
29  239
11  240
37  240
3  241
7  241
23  241
43  241
3  242
89  242
5  243
7  243
47  243
79  243
3  243
5  244
11  244
13  244
17  245
107  245
5  246
151  246
3  247
3  248
5  248
3  248
5  248
7  248
11  249
17  249
179  249
5  250
7  250
53  250
71  250
113  250
3  252
109  252
3  252
5  253
11  253
127  253
3  253
11  254
3  255
11  256
3  256
53  256
109  256
13  257
127  257
149  258
17  258
19  258
43  258
3  259
5  259
83  259
3  260
7  262
3  262
5  262
13  262
3  262
7  263
113  263
3  264
5  264
7  264
17  265
3  266
23  266
47  266
97  266
3  267
19  267
23  268
29  268
3  268
7  268
53  269
149  269
13  269
17  269
3  270
3  270
29  270
67  271
3  271
7  271
23  272
7  273
13  273
53  273
3  273
13  274
19  274
137  274
3  275
5  275
17  275
29  275
31  276
3  277
43  277
151  277
7  277
13  277
79  278
11  278
17  278
23  279
7  279
3  279
3  281
3  281
41  282
3  282
17  282
7  282
31  282
5  284
5  284
23  284
3  284
7  284
131  285
5  285
3  286
3  286
17  287
151  287
3  288
31  288
3  288
5  288
179  289
7  289
43  289
11  290
7  290
5  290
3  290
7  292
13  292
109  293
7  293
41  293
3  293
11  294
53  294
3  294
7  295
3  295
5  295
37  296
3  296
17  296
59  296
11  297
43  297
3  298
127  299
17  299
31  299
3  300
13  300
3  300
3  300
163  301
5  301
23  301
29  301
179  302
7  302
3  302
181  303
29  303
31  304
7  304
29  305
13  305
3  305
5  305
11  306
3  306
29  307
31  307
73  307
89  307
3  310
13  310
3  311
3  311
131  311
3  312
7  312
17  312
11  313
17  313
3  313
5  314
53  314
5  315
5  315
71  315
19  315
23  316
29  316
37  316
3  317
5  317
7  317
79  318
3  318
7  319
53  319
13  320
23  320
3  320
11  321
37  321
67  321
7  322
3  322
7  322
11  322
43  323
3  323
101  323
5  324
179  324
3  324
5  324
103  325
17  325
73  325
3  326
73  326
3  327
17  327
3  327
3  328
7  328
11  328
3  328
7  329
71  329
37  329
7  329
73  330
3  330
79  330
167  331
5  331
11  331
3  331
7  332
3  332
7  333
3  333
5  333
17  334
29  334
41  334
53  334
5  335
113  336
71  337
127  337
5  337
3  338
7  338
3  338
19  339
107  339
13  339
131  339
7  340
139  340
5  341
7  341
151  341
3  342
3  342
79  342
11  342
3  342
13  343
31  343
3  344
5  344
113  344
3  344
3  345
53  345
67  345
3  346
163  347
3  347
7  347
3  348
17  348
3  348
5  348
11  348
11  349
37  349
101  350
3  350
5  350
31  351
3  351
19  351
89  351
13  352
3  352
5  353
5  353
3  354
5  354
11  355
13  355
59  355
79  355
13  356
7  356
11  356
19  356
3  357
5  357
61  358
83  358
179  358
3  359
3  359
5  359
5  359
3  360
19  360
3  360
5  361
5  361
3  362
23  363
5  363
23  363
127  363
5  364
13  364
3  364
11  364
3  365
11  365
29  365
137  365
3  367
5  367
107  367
3  368
109  368
3  369
5  369
3  370
29  370
41  370
157  370
3  372
7  372
3  372
11  373
31  373
3  373
3  374
5  374
13  376
43  376
19  377
7  377
137  377
5  378
71  378
3  379
89  379
3  380
5  380
101  381
7  382
3  383
7  383
3  383
3  384
127  384
3  385
5  386
17  386
157  386
3  387
3  387
5  387
11  387
13  388
3  389
11  389
17  389
31  390
7  390
5  390
7  391
3  391
5  392
3  393
3  393
13  394
97  394
3  394
5  394
59  395
3  395
13  395
19  395
23  396
3  397
5  397
7  397
13  398
29  398
19  399
17  400
43  400
53  400
23  401
73  401
3  401
5  401
5  402
3  403
7  404
11  404
3  405
5  405
5  405
7  406
7  406
13  406
97  406
3  407
5  407
11  407
7  408
5  409
29  409
3  409
3  410
5  410
7  411
113  411
17  412
109  412
127  412
23  412
29  413
59  413
11  413
7  413
107  414
5  414
7  414
5  414
17  415
3  415
5  415
5  416
19  416
37  416
3  416
5  416
17  417
3  417
5  417
5  417
23  418
89  418
181  418
71  419
7  419
13  419
3  420
97  420
17  420
53  421
3  421
13  421
5  421
23  421
3  422
71  423
7  426
13  426
7  427
7  428
79  428
3  429
5  429
103  431
163  431
41  431
19  432
31  432
79  432
5  433
113  434
11  435
59  435
3  436
5  436
179  437
3  437
7  437
139  438
3  438
5  438
79  439
5  439
3  439
5  440
59  440
3  440
13  441
151  441
3  441
5  442
3  442
11  442
47  443
67  444
3  445
11  445
29  446
83  446
7  446
11  447
103  447
163  447
31  447
3  448
29  448
3  448
11  449
3  449
59  450
163  450
3  450
3  451
11  451
3  451
107  452
3  452
5  452
3  453
71  453
179  453
7  454
3  455
5  455
7  455
11  455
3  456
89  456
3  457
5  457
7  457
7  457
89  458
19  458
163  458
3  459
5  459
11  460
7  460
3  461
7  461
5  462
7  462
13  462
13  463
5  463
3  463
11  464
23  464
53  464
3  465
3  465
5  465
149  466
3  467
7  468
5  469
7  469
11  469
19  470
43  470
61  470
3  470
7  471
19  471
3  471
101  471
11  472
3  472
73  472
3  473
11  473
13  473
17  473
3  474
11  474
53  475
79  475
89  475
3  476
7  476
11  476
13  477
7  477
19  477
3  477
11  478
17  478
59  478
3  479
5  479
7  480
5  480
3  480
3  481
41  481
7  481
11  482
47  482
3  482
5  482
31  482
19  483
53  483
101  483
3  483
7  484
7  484
3  484
19  485
67  486
31  486
5  487
17  487
83  487
5  488
5  488
17  489
7  489
3  489
5  489
89  490
3  491
23  491
3  491
23  492
3  492
7  492
5  493
19  493
3  493
11  494
29  494
89  494
47  494
83  495
3  495
59  495
29  496
179  496
3  497
11  497
7  498
37  498
3  499
79  499
7  500
13  500
3  500
59  501
89  501
37  501
3  501
3  502
5  502
3  502
3  503
3  504
41  504
13  505
83  505
13  506
43  506
3  507
5  507
17  507
7  507
5  508
19  508
29  508
5  509
11  509
17  509
3  509
7  510
23  510
3  511
103  511
163  511
83  511
3  512
47  512
11  513
29  513
47  513
113  514
5  515
5  516
71  516
3  516
5  516
19  517
113  517
3  517
11  519
31  520
73  520
101  520
7  521
47  522
67  522
151  522
23  522
3  523
167  523
17  523
3  524
17  524
11  524
19  524
97  525
101  525
139  525
3  526
7  526
11  526
109  526
17  527
37  527
3  527
31  528
3  528
3  528
19  528
97  529
5  529
71  529
3  530
3  530
13  531
37  531
71  531
109  531
3  532
3  532
5  533
7  533
3  533
11  533
3  534
5  534
5  535
11  535
31  535
37  536
47  536
3  536
47  536
5  537
3  538
7  538
3  538
3  539
7  539
79  539
5  540
7  541
41  542
23  542
5  542
67  542
5  542
3  544
3  544
31  545
19  545
5  546
3  546
3  547
3  548
5  548
7  548
29  548
3  548
17  549
149  549
43  549
5  549
13  550
59  550
173  550
37  550
3  551
5  552
3  553
11  553
5  554
179  554
3  555
3  555
3  556
7  556
11  556
19  556
31  557
107  557
23  557
3  558
5  558
151  558
3  559
101  559
3  559
7  559
47  560
3  560
3  561
5  561
11  561
13  561
37  561
31  562
139  562
3  563
47  563
3  563
19  563
5  564
23  564
43  564
5  565
79  565
13  565
3  567
5  567
3  568
37  568
157  569
167  569
43  570
3  570
3  571
7  572
43  572
5  573
53  573
3  573
41  574
3  574
5  575
3  575
43  575
13  575
17  576
37  576
3  577
5  577
13  577
37  577
37  578
41  578
13  578
23  579
3  579
71  580
3  581
11  581
7  581
17  581
7  583
37  583
97  583
113  584
29  584
83  584
29  584
41  585
43  585
3  585
7  585
53  586
5  586
3  586
5  587
7  587
3  588
7  588
29  588
41  588
3  589
11  589
37  589
41  589
83  590
71  590
3  590
29  590
3  591
37  591
3  591
5  591
3  592
3  592
5  593
3  593
19  593
97  593
3  595
5  595
41  595
59  597
139  597
3  597
5  597
11  597
31  598
5  598
3  599
7  599
3  599
7  599
13  600
127  600
3  601
3  601
5  601
7  601
3  602
19  602
11  602
109  603
13  603
73  603
7  604
11  605
67  605
113  605
7  605
19  606
7  606
11  606
109  607
5  607
7  607
3  608
3  608
5  609
5  609
7  609
13  609
13  610
29  610
43  610
13  611
5  611
47  611
103  612
7  612
3  614
19  614
101  615
3  616
13  616
5  616
17  617
7  619
41  619
3  619
3  620
3  621
127  621
3  621
5  622
7  622
13  622
103  622
7  623
5  623
5  623
11  624
3  625
5  625
31  625
5  626
3  626
137  627
3  627
67  627
167  627
3  628
7  628
37  629
3  629
5  630
11  630
131  630
3  630
11  631
3  631
97  631
19  632
149  632
19  633
3  633
43  634
3  634
103  634
7  635
3  636
3  636
3  637
5  637
59  637
7  638
11  638
37  639
43  639
3  639
11  640
67  641
13  641
3  642
7  642
3  642
17  642
53  643
11  644
37  644
101  644
3  644
11  645
13  645
53  645
127  645
79  646
7  646
11  646
13  647
17  647
3  647
11  647
11  648
17  648
41  648
53  648
3  649
5  649
31  649
3  649
5  649
3  650
13  650
23  650
23  651
13  651
23  651
3  651
7  652
11  652
3  652
19  652
7  653
19  653
31  653
179  654
3  655
3  655
157  656
59  656
5  656
19  656
67  656
3  657
11  657
61  657
17  658
113  658
5  658
5  658
11  659
3  659
37  659
59  660
97  660
3  660
5  660
163  661
3  662
5  662
7  662
3  663
41  663
47  663
3  664
7  664
11  664
5  665
13  665
109  665
3  666
5  667
37  667
59  667
11  668
43  668
53  668
131  668
3  669
5  669
3  669
29  669
7  670
131  670
31  670
3  671
5  671
23  671
73  671
107  672
3  672
59  672
5  673
7  673
17  674
23  674
43  674
61  674
7  675
11  675
13  675
3  676
5  676
7  676
13  676
43  677
3  677
5  677
3  679
103  679
5  679
7  679
59  679
3  680
11  680
71  681
11  681
19  681
173  681
13  682
3  682
23  682
17  683
3  684
23  684
109  684
5  685
37  685
3  686
3  686
3  686
5  686
79  687
23  687
3  687
5  688
5  688
7  688
37  688
3  689
17  689
7  689
11  690
17  690
19  690
11  690
29  690
7  692
61  692
7  692
19  693
3  693
5  694
7  694
11  695
3  695
139  696
13  696
73  696
3  696
11  696
23  697
3  697
5  697
7  698
97  698
17  698
5  698
71  699
103  699
31  699
71  699
107  699
19  700
17  700
5  700
3  701
53  701
71  701
7  702
137  702
3  702
7  702
43  703
3  703
7  703
3  703
3  704
37  704
31  704
